179 65 7 2
186 65 1 0
175 66 11 2
186 66 1 1
172 67 15 2
169 68 15 2
184 68 1 1
185 68 3 2
167 69 5 2
176 69 12 2
192 69 6 0
164 70 7 2
176 70 12 2
192 70 8 0
270 70 3 0
162 71 8 2
176 71 12 2
192 71 11 0
269 71 5 0
160 72 1 2
162 72 7 2
175 72 13 2
192 72 14 0
269 72 7 0
158 73 10 2
175 73 13 2
192 73 17 0
269 73 8 0
156 74 12 2
174 74 14 2
192 74 21 0
268 74 10 0
154 75 14 2
174 75 14 2
192 75 9 0
204 75 12 0
268 75 11 0
152 76 10 2
162 76 1 1
163 76 5 2
173 76 4 2
177 76 1 1
178 76 3 2
181 76 1 1
184 76 4 2
192 76 9 0
205 76 13 0
267 76 13 0
151 77 17 2
172 77 8 2
180 77 1 1
184 77 4 2
192 77 9 0
205 77 12 0
221 77 12 0
267 77 15 0
151 78 18 2
171 78 9 2
184 78 4 2
191 78 11 0
205 78 12 0
221 78 19 0
266 78 10 0
278 78 5 0
151 79 29 2
184 79 4 2
191 79 12 0
205 79 11 0
221 79 23 0
265 79 10 0
279 79 5 0
145 80 2 2
151 80 23 2
174 80 1 1
175 80 5 2
183 80 5 2
191 80 25 0
221 80 25 0
265 80 11 0
279 80 7 0
144 81 3 2
152 81 11 2
163 81 1 1
164 81 16 2
182 81 6 2
191 81 25 0
221 81 27 0
265 81 11 0
279 81 8 0
142 82 1 1
143 82 5 2
152 82 11 2
164 82 24 2
191 82 25 0
221 82 28 0
266 82 10 0
278 82 10 0
141 83 7 2
152 83 36 2
194 83 22 0
220 83 29 0
267 83 10 0
278 83 12 0
140 84 8 2
152 84 1 1
153 84 18 2
171 84 1 1
172 84 16 2
196 84 20 0
220 84 30 0
263 84 1 0
268 84 22 0
138 85 11 2
153 85 17 2
170 85 1 1
171 85 17 2
198 85 18 0
220 85 30 0
262 85 3 0
269 85 20 0
137 86 12 2
153 86 33 2
186 86 1 0
190 86 3 0
199 86 17 0
219 86 32 0
262 86 4 0
270 86 18 0
293 86 2 0
136 87 14 2
153 87 1 1
154 87 10 2
164 87 1 1
165 87 14 2
180 87 1 1
181 87 7 2
190 87 4 0
199 87 17 0
219 87 17 0
243 87 8 0
261 87 6 0
270 87 18 0
292 87 5 0
134 88 16 2
154 88 10 2
165 88 10 2
175 88 1 1
176 88 13 2
190 88 26 0
218 88 17 0
244 88 7 0
261 88 26 0
292 88 7 0
133 89 17 2
150 89 1 1
155 89 34 2
190 89 44 0
244 89 7 0
260 89 27 0
291 89 11 0
132 90 19 2
155 90 1 0
156 90 33 2
190 90 44 0
244 90 7 0
260 90 26 0
291 90 13 0
131 91 7 2
138 91 1 1
139 91 13 2
156 91 10 2
166 91 1 1
167 91 22 2
190 91 43 0
243 91 8 0
260 91 26 0
290 91 16 0
129 92 24 2
157 92 8 2
167 92 22 2
190 92 43 0
243 92 8 0
259 92 26 0
290 92 18 0
128 93 26 2
157 93 1 0
158 93 7 2
165 93 1 1
166 93 23 2
190 93 43 0
242 93 9 0
259 93 26 0
289 93 21 0
127 94 28 2
158 94 31 2
190 94 44 0
241 94 10 0
258 94 27 0
288 94 23 0
126 95 14 2
140 95 1 1
141 95 23 2
164 95 1 1
165 95 17 2
190 95 45 0
239 95 12 0
258 95 54 0
125 96 51 2
176 96 1 1
190 96 61 0
258 96 55 0
124 97 50 2
190 97 61 0
258 97 56 0
123 98 39 2
162 98 1 0
163 98 9 2
189 98 1 1
190 98 60 0
257 98 58 0
122 99 49 2
184 99 6 2
190 99 60 0
257 99 58 0
384 99 1 0
385 99 2 1
387 99 1 0
121 100 49 2
181 100 9 2
190 100 60 0
260 100 42 0
306 100 10 0
379 100 14 1
393 100 1 0
120 101 50 2
178 101 12 2
190 101 59 0
266 101 34 0
308 101 8 0
376 101 1 0
377 101 19 1
120 102 51 2
171 102 1 1
174 102 16 2
190 102 8 0
206 102 42 0
269 102 30 0
309 102 7 0
375 102 23 1
121 103 69 2
190 103 3 0
207 103 40 0
271 103 28 0
310 103 6 0
373 103 27 1
121 104 23 2
144 104 1 1
145 104 45 2
207 104 38 0
256 104 2 0
272 104 27 0
309 104 7 0
372 104 29 1
401 104 1 0
121 105 69 2
207 105 16 0
224 105 19 0
256 105 5 0
272 105 27 0
308 105 8 0
370 105 1 0
371 105 32 1
121 106 24 2
145 106 1 0
146 106 44 2
190 106 1 1
205 106 34 0
256 106 9 0
271 106 28 0
308 106 8 0
369 106 35 1
122 107 69 2
202 107 24 0
256 107 44 0
306 107 10 0
338 107 1 0
339 107 7 1
346 107 1 0
368 107 37 1
115 108 1 2
116 108 1 1
122 108 35 2
158 108 33 2
192 108 34 0
256 108 59 0
334 108 16 1
367 108 39 1
115 109 2 2
122 109 1 1
123 109 68 2
191 109 35 0
256 109 59 0
331 109 23 1
366 109 41 1
114 110 4 2
123 110 33 2
156 110 1 1
157 110 24 2
183 110 8 2
191 110 35 0
256 110 58 0
328 110 31 1
365 110 1 0
366 110 41 1
407 110 1 0
114 111 4 2
123 111 53 2
177 111 14 2
191 111 35 0
256 111 58 0
326 111 36 1
365 111 43 1
113 112 1 1
114 112 5 2
124 112 23 2
147 112 1 1
148 112 24 2
173 112 18 2
192 112 34 0
256 112 57 0
324 112 40 1
365 112 44 1
113 113 6 2
125 113 44 2
169 113 1 1
170 113 21 2
192 113 34 0
257 113 56 0
322 113 87 1
409 113 1 0
113 114 7 2
126 114 40 2
166 114 1 1
167 114 24 2
193 114 21 0
218 114 8 0
257 114 55 0
320 114 1 0
321 114 72 1
399 114 11 1
112 115 1 1
113 115 8 2
127 115 21 2
149 115 5 2
154 115 1 0
155 115 8 2
163 115 1 1
164 115 27 2
193 115 18 0
219 115 7 0
257 115 31 0
291 115 20 0
319 115 9 1
328 115 1 0
329 115 36 1
365 115 1 0
366 115 26 1
403 115 1 0
404 115 1 1
405 115 2 0
112 116 10 2
128 116 33 2
161 116 1 1
162 116 29 2
194 116 16 0
219 116 7 0
257 116 15 0
273 116 14 0
294 116 16 0
317 116 9 1
326 116 1 0
328 116 37 1
365 116 1 0
366 116 26 1
112 117 11 2
129 117 62 2
194 117 16 0
219 117 6 0
258 117 13 0
278 117 9 0
298 117 10 0
316 117 9 1
327 117 65 1
112 118 12 2
131 118 22 2
153 118 1 0
154 118 37 2
195 118 15 0
218 118 7 0
258 118 12 0
279 118 8 0
315 118 8 1
326 118 1 0
327 118 65 1
112 119 14 2
132 119 17 2
149 119 1 1
150 119 3 2
154 119 1 1
155 119 36 2
196 119 14 0
218 119 7 0
258 119 12 0
279 119 7 0
313 119 1 0
314 119 7 1
321 119 1 0
325 119 1 0
326 119 40 1
367 119 26 1
112 120 16 2
128 120 1 1
131 120 60 2
196 120 16 0
217 120 8 0
259 120 11 0
278 120 8 0
312 120 8 1
325 120 41 1
368 120 27 1
112 121 40 2
153 121 38 2
197 121 17 0
215 121 11 0
259 121 12 0
277 121 8 0
311 121 8 1
324 121 41 1
365 121 1 0
366 121 30 1
112 122 79 2
198 122 28 0
260 122 12 0
276 122 8 0
310 122 7 1
317 122 1 0
323 122 1 0
324 122 46 1
370 122 1 0
371 122 27 1
411 122 1 0
412 122 1 1
413 122 1 0
112 123 38 2
150 123 1 1
151 123 40 2
199 123 23 0
223 123 3 0
260 123 14 0
275 123 9 0
309 123 7 1
323 123 41 1
364 123 1 0
365 123 2 1
368 123 33 1
408 123 6 1
112 124 38 2
152 124 39 2
199 124 22 0
223 124 3 0
261 124 22 0
308 124 7 1
322 124 45 1
368 124 5 1
373 124 1 0
374 124 40 1
112 125 79 2
201 125 19 0
223 125 4 0
262 125 21 0
307 125 7 1
322 125 20 1
342 125 1 0
344 125 70 1
112 126 1 1
113 126 78 2
202 126 17 0
224 126 3 0
263 126 20 0
306 126 7 1
321 126 19 1
345 126 17 1
362 126 1 0
363 126 13 1
376 126 1 0
377 126 37 1
113 127 68 2
181 127 1 1
187 127 1 1
188 127 3 2
204 127 13 0
224 127 3 0
265 127 14 0
280 127 3 0
305 127 1 0
306 127 6 1
321 127 17 1
345 127 32 1
377 127 1 0
378 127 36 1
113 128 37 2
151 128 28 2
190 128 1 1
206 128 8 0
224 128 4 0
267 128 10 0
280 128 3 0
305 128 6 1
320 128 1 0
321 128 15 1
344 128 17 1
361 128 1 0
362 128 6 1
369 128 10 1
380 128 34 1
113 129 64 2
224 129 4 0
280 129 3 0
304 129 6 1
320 129 14 1
344 129 16 1
360 129 1 0
361 129 7 1
368 129 1 0
369 129 45 1
114 130 62 2
225 130 3 0
279 130 3 0
303 130 6 1
320 130 11 1
343 130 39 1
382 130 1 0
383 130 32 1
114 131 61 2
225 131 3 0
279 131 3 0
302 131 6 1
319 131 9 1
328 131 1 0
342 131 73 1
115 132 34 2
149 132 1 1
150 132 25 2
225 132 3 0
279 132 3 0
301 132 1 0
302 132 5 1
307 132 1 0
319 132 7 1
341 132 17 1
359 132 10 1
369 132 1 0
370 132 16 1
386 132 1 0
387 132 28 1
115 133 34 2
149 133 1 1
150 133 25 2
225 133 4 0
279 133 3 0
301 133 6 1
319 133 4 1
323 133 1 0
339 133 1 0
340 133 17 1
357 133 1 0
358 133 11 1
370 133 45 1
116 134 59 2
175 134 1 1
225 134 4 0
279 134 3 0
300 134 6 1
318 134 1 0
319 134 2 1
338 134 31 1
369 134 1 0
370 134 45 1
116 135 61 2
226 135 3 0
279 135 3 0
299 135 6 1
336 135 1 0
337 135 78 1
117 136 1 1
118 136 60 2
226 136 3 0
231 136 1 0
279 136 3 0
299 136 5 1
304 136 1 0
335 136 59 1
394 136 1 0
395 136 20 1
118 137 1 1
119 137 30 2
150 137 1 1
151 137 28 2
179 137 1 0
226 137 3 0
298 137 6 1
333 137 63 1
397 137 18 1
120 138 29 2
151 138 31 2
297 138 6 1
330 138 23 1
354 138 60 1
414 138 1 0
121 139 24 2
145 139 1 1
146 139 3 2
152 139 37 2
297 139 5 1
327 139 25 1
352 139 1 0
353 139 17 1
371 139 30 1
402 139 12 1
123 140 21 2
146 140 3 2
152 140 37 2
296 140 6 1
322 140 29 1
351 140 1 0
352 140 18 1
370 140 1 0
371 140 33 1
405 140 1 0
406 140 8 1
126 141 14 2
146 141 3 2
153 141 36 2
296 141 2 0
298 141 3 1
317 141 91 1
410 141 4 1
132 142 1 2
133 142 1 1
146 142 3 2
154 142 34 2
299 142 2 0
317 142 1 0
318 142 96 1
145 143 4 2
154 143 1 1
155 143 33 2
318 143 96 1
145 144 4 2
155 144 1 1
156 144 31 2
318 144 29 1
347 144 1 0
348 144 66 1
145 145 4 2
156 145 31 2
318 145 28 1
346 145 1 0
347 145 24 1
371 145 1 0
372 145 41 1
145 146 3 2
157 146 29 2
318 146 27 1
346 146 25 1
372 146 15 1
392 146 21 1
145 147 3 2
158 147 27 2
318 147 26 1
344 147 1 0
345 147 26 1
372 147 15 1
393 147 1 0
394 147 19 1
145 148 3 2
159 148 25 2
318 148 25 1
343 148 1 0
344 148 28 1
373 148 14 1
395 148 18 1
145 149 3 2
160 149 1 1
161 149 22 2
319 149 53 1
372 149 1 0
373 149 14 1
396 149 16 1
145 150 3 2
162 150 20 2
319 150 68 1
397 150 1 0
398 150 14 1
145 151 3 2
163 151 17 2
180 151 1 1
319 151 20 1
339 151 1 0
340 151 48 1
399 151 13 1
145 152 3 2
165 152 1 0
166 152 12 2
178 152 1 0
320 152 18 1
338 152 1 0
339 152 50 1
401 152 10 1
145 153 3 2
169 153 1 1
170 153 4 2
174 153 1 1
321 153 1 0
322 153 50 1
372 153 1 0
373 153 17 1
403 153 8 1
145 154 3 2
322 154 1 0
323 154 12 1
335 154 1 0
336 154 35 1
373 154 18 1
405 154 1 0
406 154 4 1
145 155 3 2
324 155 1 0
325 155 47 1
373 155 4 1
377 155 1 0
378 155 15 1
408 155 1 1
409 155 1 0
145 156 3 2
325 156 1 0
326 156 6 1
332 156 1 0
333 156 37 1
371 156 1 1
373 156 5 1
378 156 1 0
379 156 15 1
394 156 1 0
145 157 3 2
327 157 1 0
328 157 44 1
372 157 1 0
373 157 23 1
145 158 3 2
328 158 1 0
330 158 39 1
370 158 29 1
145 159 3 2
181 159 1 0
329 159 1 0
330 159 20 1
355 159 46 1
145 160 3 2
331 160 1 0
332 160 16 1
355 160 13 1
369 160 36 1
145 161 3 2
332 161 1 0
333 161 14 1
355 161 52 1
145 162 3 2
333 162 1 0
334 162 12 1
354 162 13 1
367 162 1 0
368 162 15 1
383 162 1 0
384 162 22 1
145 163 4 2
176 163 1 0
334 163 1 0
335 163 9 1
344 163 1 0
354 163 30 1
384 163 1 0
385 163 21 1
145 164 4 2
335 164 1 0
336 164 7 1
353 164 32 1
385 164 1 0
386 164 19 1
145 165 1 1
146 165 3 2
337 165 1 0
338 165 4 1
352 165 1 0
353 165 12 1
365 165 1 0
366 165 39 1
145 166 1 0
146 166 3 2
338 166 1 0
339 166 2 1
352 166 21 1
374 166 30 1
146 167 3 2
339 167 1 0
351 167 13 1
364 167 1 0
365 167 8 1
374 167 30 1
146 168 3 2
350 168 23 1
374 168 29 1
146 169 3 2
349 169 24 1
374 169 17 1
391 169 1 0
392 169 11 1
146 170 3 2
348 170 14 1
363 170 10 1
374 170 18 1
393 170 9 1
104 171 10 2
146 171 3 2
347 171 26 1
374 171 28 1
101 172 1 1
102 172 14 2
116 172 1 0
146 172 3 2
149 172 1 0
346 172 27 1
374 172 21 1
396 172 5 1
100 173 18 2
146 173 4 2
345 173 1 0
346 173 14 1
360 173 1 0
361 173 12 1
374 173 26 1
98 174 22 2
146 174 4 2
346 174 1 0
347 174 12 1
360 174 13 1
374 174 25 1
97 175 24 2
147 175 3 2
347 175 26 1
374 175 10 1
387 175 12 1
97 176 25 2
147 176 3 2
163 176 1 0
347 176 1 0
348 176 25 1
373 176 1 0
374 176 10 1
387 176 12 1
98 177 25 2
147 177 3 2
348 177 1 0
349 177 35 1
387 177 11 1
100 178 1 1
101 178 23 2
147 178 3 2
349 178 1 0
350 178 6 1
356 178 1 0
357 178 27 1
387 178 10 1
397 178 1 0
103 179 22 2
147 179 3 2
150 179 1 1
350 179 1 0
351 179 4 1
355 179 1 0
356 179 27 1
388 179 9 1
104 180 22 2
147 180 4 2
351 180 1 0
352 180 2 1
354 180 1 0
355 180 28 1
388 180 8 1
93 181 2 2
106 181 20 2
126 181 1 1
147 181 4 2
352 181 1 1
353 181 1 0
354 181 29 1
388 181 8 1
92 182 5 2
108 182 19 2
148 182 3 2
353 182 11 1
366 182 17 1
389 182 6 1
92 183 6 2
109 183 19 2
148 183 3 2
353 183 1 0
354 183 9 1
366 183 17 1
389 183 6 1
91 184 9 2
110 184 18 2
148 184 3 2
354 184 1 0
355 184 8 1
367 184 15 1
389 184 5 1
91 185 10 2
101 185 1 1
110 185 18 2
148 185 4 2
355 185 7 1
367 185 15 1
388 185 1 0
389 185 4 1
90 186 1 1
91 186 13 2
110 186 1 1
111 186 18 2
148 186 4 2
355 186 1 0
356 186 6 1
367 186 15 1
388 186 5 1
90 187 39 2
149 187 3 2
356 187 1 0
357 187 5 1
367 187 6 1
374 187 8 1
387 187 1 0
388 187 4 1
90 188 39 2
149 188 3 2
357 188 5 1
367 188 6 1
374 188 8 1
387 188 4 1
89 189 2 2
91 189 1 1
92 189 37 2
149 189 3 2
357 189 1 0
358 189 4 1
367 189 6 1
374 189 8 1
386 189 5 1
89 190 4 2
93 190 1 0
94 190 35 2
149 190 3 2
152 190 1 1
358 190 1 0
359 190 4 1
366 190 7 1
374 190 9 1
386 190 4 1
89 191 6 2
95 191 1 0
96 191 33 2
149 191 1 1
150 191 2 2
152 191 1 1
359 191 4 1
366 191 7 1
374 191 15 1
88 192 49 2
150 192 2 2
152 192 1 0
359 192 1 0
360 192 3 1
363 192 2 0
365 192 8 1
374 192 15 1
88 193 11 2
100 193 40 2
150 193 1 2
151 193 1 1
360 193 1 0
361 193 12 1
374 193 15 1
389 193 1 0
88 194 13 2
101 194 1 1
102 194 39 2
150 194 1 2
151 194 1 0
360 194 1 0
361 194 12 1
374 194 17 1
87 195 1 0
88 195 15 2
103 195 1 1
104 195 39 2
150 195 1 0
361 195 1 0
362 195 11 1
374 195 18 1
392 195 1 0
87 196 59 2
146 196 1 1
147 196 1 2
148 196 1 1
362 196 31 1
393 196 1 0
87 197 22 2
109 197 2 1
111 197 13 2
124 197 1 1
125 197 24 2
149 197 1 0
362 197 1 0
363 197 32 1
87 198 26 2
113 198 1 1
114 198 9 2
124 198 24 2
148 198 1 1
363 198 32 1
87 199 36 2
123 199 1 0
124 199 24 2
148 199 1 0
363 199 1 0
364 199 32 1
87 200 1 0
88 200 33 2
121 200 1 1
122 200 1 2
124 200 23 2
364 200 33 1
95 201 1 1
96 201 27 2
124 201 23 2
364 201 1 0
365 201 32 1
102 202 21 2
123 202 1 1
124 202 22 2
146 202 1 1
365 202 33 1
104 203 14 2
118 203 1 1
119 203 27 2
146 203 1 0
365 203 1 0
366 203 32 1
104 204 41 2
145 204 1 1
366 204 33 1
86 205 2 2
102 205 35 2
139 205 6 2
145 205 1 0
366 205 1 0
367 205 32 1
86 206 7 2
100 206 36 2
139 206 6 2
367 206 32 1
399 206 1 0
85 207 1 1
86 207 37 2
123 207 1 1
124 207 11 2
135 207 1 1
139 207 5 2
144 207 1 0
367 207 1 0
368 207 32 1
85 208 38 2
124 208 11 2
140 208 4 2
144 208 1 0
368 208 32 1
85 209 26 2
111 209 1 1
112 209 11 2
124 209 11 2
140 209 3 2
143 209 1 1
368 209 1 0
369 209 32 1
85 210 25 2
110 210 1 1
111 210 24 2
140 210 3 2
143 210 1 0
368 210 1 0
369 210 7 1
376 210 1 0
377 210 24 1
85 211 50 2
140 211 2 2
142 211 1 1
369 211 32 1
84 212 24 2
108 212 1 0
109 212 26 2
141 212 1 2
142 212 1 0
369 212 1 0
370 212 9 1
380 212 21 1
401 212 1 0
84 213 1 0
85 213 20 2
105 213 1 0
108 213 27 2
141 213 1 2
142 213 1 0
370 213 11 1
381 213 1 0
382 213 20 1
84 214 7 2
91 214 1 1
99 214 8 2
107 214 1 1
108 214 16 2
124 214 1 1
125 214 10 2
141 214 1 0
370 214 1 0
371 214 12 1
383 214 1 0
384 214 18 1
84 215 40 2
125 215 11 2
370 215 1 0
371 215 14 1
386 215 16 1
407 215 1 0
408 215 7 1
83 216 19 2
102 216 1 1
103 216 33 2
140 216 1 1
371 216 16 1
387 216 1 0
388 216 14 1
405 216 14 1
83 217 31 2
115 217 22 2
371 217 1 0
372 217 18 1
391 217 11 1
402 217 1 0
403 217 18 1
421 217 1 0
83 218 22 2
105 218 1 1
106 218 7 2
115 218 10 2
125 218 1 1
126 218 11 2
371 218 1 0
372 218 21 1
394 218 29 1
82 219 30 2
115 219 10 2
126 219 12 2
139 219 1 2
372 219 24 1
399 219 26 1
86 220 26 2
115 220 24 2
372 220 1 0
373 220 22 1
395 220 1 0
396 220 1 1
398 220 28 1
87 221 8 2
95 221 1 1
96 221 15 2
115 221 24 2
139 221 1 0
372 221 1 0
373 221 19 1
393 221 3 1
396 221 1 0
397 221 30 1
427 221 1 0
86 222 25 2
115 222 11 2
127 222 12 2
139 222 1 0
372 222 1 0
373 222 17 1
390 222 1 0
391 222 4 1
395 222 1 0
396 222 33 1
81 223 30 2
115 223 23 2
138 223 1 1
373 223 14 1
388 223 6 1
394 223 1 0
395 223 35 1
80 224 11 2
91 224 1 1
92 224 10 2
103 224 8 2
115 224 23 2
138 224 1 0
373 224 1 0
374 224 56 1
430 224 1 0
79 225 31 2
110 225 1 0
115 225 23 2
138 225 1 0
373 225 1 0
374 225 8 1
382 225 1 0
383 225 48 1
431 225 1 0
79 226 9 2
88 226 1 1
89 226 12 2
101 226 1 1
102 226 8 2
115 226 23 2
374 226 5 1
379 226 1 0
380 226 12 1
392 226 1 0
393 226 39 1
78 227 8 2
86 227 1 1
87 227 14 2
101 227 1 1
102 227 8 2
115 227 22 2
137 227 1 0
374 227 1 0
375 227 1 1
376 227 1 0
377 227 56 1
77 228 33 2
115 228 20 2
137 228 1 0
374 228 1 0
375 228 59 1
76 229 7 2
83 229 1 0
84 229 5 2
89 229 5 1
94 229 6 2
100 229 1 1
101 229 9 2
115 229 19 2
374 229 1 0
375 229 15 1
390 229 1 0
391 229 43 1
75 230 11 2
86 230 10 1
96 230 14 2
115 230 17 2
374 230 1 0
375 230 60 1
74 231 1 1
75 231 9 2
84 231 14 1
98 231 12 2
115 231 14 2
130 231 1 2
136 231 1 1
375 231 14 1
389 231 1 0
390 231 46 1
73 232 5 2
78 232 1 1
79 232 4 2
83 232 17 1
100 232 10 2
115 232 13 2
128 232 1 1
136 232 1 0
375 232 1 0
376 232 60 1
72 233 4 2
76 233 1 0
77 233 5 2
82 233 19 1
101 233 9 2
115 233 11 2
136 233 1 0
375 233 1 0
376 233 61 1
71 234 3 2
74 234 1 1
75 234 6 2
81 234 21 1
102 234 8 2
115 234 9 2
375 234 1 0
376 234 3 1
382 234 6 1
389 234 37 1
426 234 2 2
428 234 9 1
70 235 10 2
80 235 22 1
102 235 8 2
115 235 6 2
375 235 1 0
376 235 2 1
381 235 44 1
425 235 3 2
428 235 10 1
71 236 1 1
72 236 7 2
79 236 23 1
102 236 8 2
115 236 2 2
117 236 1 1
376 236 1 1
381 236 43 1
424 236 4 2
428 236 1 1
429 236 1 2
430 236 8 1
71 237 8 2
79 237 23 1
102 237 8 2
135 237 1 0
376 237 1 0
380 237 43 1
423 237 4 2
427 237 2 1
429 237 1 2
430 237 9 1
71 238 7 2
78 238 23 1
101 238 8 2
109 238 1 0
135 238 1 0
376 238 1 0
379 238 1 0
380 238 42 1
422 238 5 2
427 238 2 1
429 238 1 2
430 238 9 1
77 239 24 1
101 239 3 2
135 239 1 0
376 239 1 0
379 239 8 1
387 239 1 0
388 239 24 1
414 239 7 1
421 239 6 2
427 239 2 1
429 239 1 2
430 239 10 1
77 240 23 1
135 240 1 0
376 240 1 0
378 240 1 2
379 240 8 1
388 240 22 1
415 240 7 1
422 240 4 2
426 240 2 1
428 240 2 2
430 240 10 1
76 241 23 1
378 241 9 1
388 241 20 1
415 241 1 0
416 241 6 1
422 241 4 2
426 241 2 1
428 241 2 2
430 241 10 1
76 242 22 1
98 242 1 0
378 242 9 1
388 242 19 1
407 242 1 0
416 242 7 1
423 242 3 2
426 242 2 1
428 242 2 2
430 242 10 1
75 243 1 0
76 243 22 1
378 243 9 1
388 243 19 1
415 243 3 2
418 243 5 1
423 243 3 2
426 243 2 1
428 243 2 2
430 243 11 1
75 244 22 1
106 244 2 1
377 244 10 1
388 244 19 1
414 244 4 2
418 244 5 1
423 244 3 2
426 244 1 1
427 244 3 2
430 244 11 1
75 245 20 1
95 245 1 0
105 245 1 0
106 245 2 1
377 245 10 1
388 245 18 1
413 245 6 2
419 245 5 1
424 245 1 2
425 245 2 1
427 245 2 2
429 245 12 1
74 246 20 1
94 246 1 0
105 246 3 1
134 246 1 0
377 246 10 1
388 246 18 1
412 246 1 0
413 246 6 2
419 246 5 1
424 246 1 2
425 246 2 1
427 246 2 2
429 246 12 1
74 247 19 1
104 247 4 1
134 247 1 0
377 247 1 0
378 247 9 1
387 247 1 0
388 247 18 1
412 247 4 2
416 247 1 1
417 247 3 2
420 247 3 1
423 247 2 2
425 247 2 1
427 247 1 2
428 247 13 1
74 248 18 1
103 248 6 1
134 248 1 0
377 248 1 0
378 248 28 1
411 248 5 2
416 248 2 1
418 248 3 2
421 248 2 1
423 248 2 2
425 248 2 1
427 248 1 2
428 248 13 1
74 249 17 1
102 249 7 1
134 249 1 0
377 249 1 0
378 249 28 1
410 249 7 2
417 249 1 1
418 249 7 2
425 249 1 1
426 249 7 2
433 249 8 1
74 250 16 1
101 250 8 1
134 250 1 0
377 250 1 0
378 250 28 1
410 250 7 2
417 250 2 1
419 250 5 2
424 250 2 1
426 250 8 2
434 250 7 1
73 251 17 1
100 251 9 1
134 251 1 0
377 251 1 0
378 251 10 1
388 251 1 0
389 251 17 1
409 251 8 2
417 251 3 1
420 251 4 2
424 251 2 1
426 251 7 2
433 251 8 1
73 252 17 1
98 252 1 0
99 252 11 1
134 252 1 0
377 252 1 0
378 252 10 1
388 252 1 0
389 252 17 1
409 252 9 2
418 252 2 1
420 252 4 2
424 252 2 1
426 252 6 2
432 252 2 1
434 252 1 2
435 252 6 1
73 253 19 1
96 253 14 1
134 253 1 0
377 253 1 0
378 253 28 1
411 253 7 2
418 253 2 1
420 253 4 2
424 253 2 1
426 253 4 2
430 253 4 1
434 253 2 2
436 253 5 1
73 254 37 1
134 254 1 0
377 254 1 0
379 254 27 1
412 254 7 2
419 254 2 1
421 254 3 2
424 254 1 1
425 254 4 2
429 254 3 1
432 254 4 2
436 254 5 1
73 255 37 1
134 255 1 0
377 255 1 0
381 255 8 1
390 255 16 1
413 255 6 2
419 255 2 1
421 255 3 2
424 255 1 1
425 255 3 2
428 255 3 1
431 255 6 2
437 255 3 1
440 255 1 0
74 256 37 1
134 256 1 0
377 256 1 0
384 256 22 1
406 256 2 2
408 256 1 1
413 256 7 2
420 256 2 1
422 256 1 2
423 256 2 1
425 256 2 2
427 256 3 1
430 256 7 2
437 256 3 1
74 257 36 1
112 257 22 1
134 257 1 0
377 257 1 0
386 257 20 1
406 257 4 2
414 257 6 2
420 257 2 1
422 257 1 2
423 257 2 1
425 257 2 2
427 257 2 1
429 257 6 2
435 257 5 1
74 258 60 1
134 258 1 0
377 258 1 0
385 258 5 1
391 258 15 1
406 258 5 2
415 258 5 2
420 258 2 1
422 258 1 2
423 258 2 1
425 258 1 2
426 258 2 1
428 258 5 2
433 258 6 1
74 259 60 1
134 259 1 0
377 259 1 0
385 259 4 1
392 259 14 1
406 259 6 2
416 259 5 2
421 259 6 1
427 259 5 2
432 259 6 1
439 259 2 2
75 260 37 1
134 260 1 0
377 260 1 0
384 260 5 1
394 260 1 0
395 260 10 1
405 260 8 2
417 260 4 2
421 260 5 1
426 260 5 2
431 260 7 1
438 260 4 2
75 261 37 1
134 261 1 0
377 261 1 0
383 261 5 1
397 261 8 1
405 261 9 2
417 261 4 2
421 261 5 1
426 261 4 2
430 261 7 1
437 261 5 2
442 261 1 1
76 262 36 1
134 262 1 0
377 262 1 0
383 262 5 1
399 262 5 1
404 262 11 2
418 262 4 2
422 262 3 1
425 262 5 2
430 262 6 1
436 262 7 2
76 263 37 1
134 263 1 0
377 263 1 0
382 263 5 1
402 263 2 1
404 263 12 2
418 263 4 2
422 263 2 1
424 263 5 2
429 263 5 1
434 263 10 2
77 264 36 1
134 264 1 0
377 264 1 0
382 264 4 1
403 264 14 2
418 264 4 2
422 264 2 1
424 264 5 2
429 264 4 1
433 264 11 2
78 265 35 1
134 265 1 1
377 265 1 1
381 265 5 1
402 265 1 0
403 265 19 2
422 265 2 1
424 265 5 2
429 265 1 1
430 265 1 0
432 265 13 2
79 266 35 1
381 266 4 1
402 266 21 2
423 266 1 1
424 266 21 2
81 267 33 1
380 267 4 1
384 267 1 0
402 267 44 2
81 268 32 1
379 268 5 1
402 268 44 2
80 269 5 1
86 269 25 1
111 269 1 0
135 269 1 0
379 269 4 1
401 269 1 1
402 269 45 2
79 270 6 1
86 270 24 1
135 270 1 0
376 270 1 0
378 270 5 1
401 270 46 2
78 271 29 1
135 271 1 0
376 271 1 0
377 271 1 2
378 271 4 1
401 271 46 2
77 272 24 1
114 272 1 1
135 272 1 0
376 272 1 0
377 272 4 1
401 272 46 2
77 273 23 1
100 273 1 0
111 273 5 1
135 273 1 0
376 273 1 0
377 273 3 1
401 273 42 2
76 274 40 1
135 274 1 2
376 274 3 1
379 274 1 2
401 274 39 2
75 275 1 0
76 275 41 1
376 275 3 1
401 275 37 2
75 276 42 1
136 276 1 0
375 276 1 0
376 276 2 1
407 276 30 2
445 276 1 0
446 276 2 2
75 277 42 1
117 277 1 0
136 277 1 0
375 277 1 0
376 277 1 2
409 277 27 2
443 277 5 2
74 278 44 1
136 278 1 0
375 278 1 0
376 278 1 2
410 278 12 2
423 278 13 2
439 278 1 0
440 278 8 2
74 279 45 1
136 279 1 0
375 279 1 1
402 279 1 1
411 279 37 2
73 280 46 1
402 280 5 2
412 280 36 2
73 281 30 1
103 281 1 0
104 281 16 1
137 281 1 0
374 281 1 0
375 281 1 2
402 281 7 2
412 281 35 2
73 282 30 1
104 282 16 1
137 282 1 0
374 282 1 0
375 282 1 2
403 282 8 2
412 282 35 2
73 283 31 1
104 283 1 0
105 283 16 1
137 283 1 0
374 283 1 0
375 283 1 2
403 283 43 2
73 284 49 1
374 284 1 1
375 284 1 2
404 284 42 2
73 285 49 1
374 285 1 2
375 285 1 1
376 285 1 2
404 285 19 2
423 285 1 1
424 285 21 2
73 286 46 1
138 286 1 0
373 286 1 0
374 286 1 2
375 286 1 1
376 286 1 2
405 286 18 2
424 286 19 2
443 286 1 1
74 287 6 1
82 287 36 1
135 287 3 2
138 287 1 0
373 287 1 0
374 287 1 2
375 287 2 1
406 287 16 2
426 287 16 2
74 288 5 1
82 288 38 1
131 288 8 2
373 288 2 2
375 288 2 1
407 288 13 2
428 288 12 2
74 289 5 1
82 289 44 1
129 289 6 2
136 289 3 2
139 289 1 0
372 289 1 0
373 289 2 2
375 289 2 1
377 289 1 2
408 289 1 1
409 289 9 2
75 290 4 1
82 290 45 1
127 290 8 2
136 290 3 2
139 290 1 0
372 290 1 0
373 290 1 2
374 290 4 1
410 290 5 2
75 291 4 1
82 291 15 1
99 291 28 1
127 291 12 2
139 291 1 1
372 291 1 1
373 291 1 2
374 291 4 1
409 291 4 2
76 292 3 1
82 292 15 1
99 292 29 1
128 292 8 2
137 292 3 2
140 292 1 0
374 292 4 1
408 292 4 2
76 293 2 1
81 293 15 1
100 293 29 1
129 293 7 2
137 293 3 2
140 293 1 0
371 293 1 0
374 293 4 1
407 293 4 2
77 294 1 1
81 294 15 1
100 294 16 1
117 294 13 1
130 294 10 2
140 294 1 1
371 294 1 1
374 294 4 1
406 294 4 2
81 295 15 1
100 295 16 1
116 295 3 2
119 295 7 1
126 295 1 2
127 295 4 1
131 295 6 2
138 295 3 2
141 295 1 0
371 295 1 2
374 295 4 1
404 295 5 2
80 296 1 0
81 296 15 1
101 296 15 1
116 296 4 2
120 296 9 1
129 296 1 2
130 296 1 1
131 296 10 2
141 296 1 0
370 296 1 0
371 296 2 2
374 296 4 1
403 296 5 2
80 297 16 1
101 297 16 1
117 297 4 2
121 297 10 1
131 297 7 2
139 297 2 2
141 297 1 1
370 297 1 1
371 297 2 2
374 297 4 1
378 297 1 2
402 297 5 2
81 298 16 1
101 298 18 1
119 298 3 2
122 298 8 1
130 298 8 2
139 298 3 2
142 298 1 0
369 298 1 0
370 298 2 2
372 298 1 1
374 298 4 1
378 298 1 2
400 298 5 2
405 298 1 1
82 299 15 1
101 299 19 1
120 299 3 2
123 299 4 1
128 299 11 2
140 299 2 2
142 299 1 0
369 299 1 0
370 299 2 2
372 299 1 1
373 299 1 2
374 299 4 1
378 299 1 2
399 299 5 2
84 300 1 0
85 300 12 1
100 300 1 2
101 300 19 1
120 300 3 2
129 300 10 2
140 300 3 2
369 300 1 1
370 300 2 2
372 300 1 1
373 300 1 2
374 300 4 1
398 300 5 2
87 301 10 1
97 301 5 2
102 301 14 1
116 301 8 2
129 301 11 2
141 301 2 2
143 301 1 0
368 301 1 0
369 301 2 2
371 301 7 1
396 301 5 2
91 302 6 1
97 302 5 2
102 302 7 1
109 302 15 2
130 302 11 2
142 302 1 2
143 302 1 1
368 302 1 1
369 302 2 2
371 302 7 1
394 302 1 1
395 302 5 2
93 303 11 2
108 303 1 1
109 303 16 2
131 303 10 2
142 303 2 2
144 303 1 0
367 303 1 0
368 303 3 2
371 303 7 1
393 303 5 2
92 304 2 2
94 304 1 1
95 304 9 2
109 304 1 1
110 304 15 2
131 304 11 2
143 304 1 2
144 304 1 0
367 304 1 0
368 304 2 2
370 304 8 1
391 304 6 2
92 305 12 2
110 305 16 2
132 305 10 2
144 305 1 2
367 305 3 2
370 305 8 1
389 305 6 2
92 306 13 2
105 306 1 1
107 306 1 1
108 306 18 2
132 306 11 2
145 306 1 0
366 306 1 0
367 306 3 2
370 306 8 1
387 306 6 2
93 307 34 2
132 307 1 0
133 307 10 2
145 307 1 2
366 307 1 1
367 307 2 2
369 307 9 1
385 307 6 2
93 308 9 2
102 308 1 1
103 308 25 2
133 308 11 2
146 308 1 0
365 308 1 0
366 308 3 2
369 308 8 1
377 308 1 0
382 308 1 1
383 308 6 2
389 308 1 1
93 309 1 1
94 309 35 2
132 309 13 2
146 309 1 2
365 309 1 1
366 309 3 2
369 309 8 1
380 309 7 2
94 310 13 2
108 310 37 2
147 310 1 0
364 310 1 0
365 310 3 2
368 310 9 1
378 310 7 2
94 311 1 1
95 311 14 2
109 311 1 1
110 311 36 2
147 311 1 2
364 311 1 1
365 311 3 2
368 311 9 1
377 311 6 2
95 312 17 2
112 312 1 0
113 312 34 2
148 312 1 0
363 312 1 0
364 312 3 2
367 312 8 1
375 312 5 2
380 312 1 1
95 313 4 2
105 313 42 2
363 313 1 1
364 313 3 2
367 313 5 1
372 313 3 2
375 313 1 1
376 313 2 2
96 314 3 2
108 314 9 2
117 314 1 1
118 314 30 2
149 314 1 0
362 314 1 0
363 314 9 2
372 314 4 1
97 315 2 2
110 315 10 2
120 315 1 1
121 315 2 2
123 315 1 1
124 315 25 2
361 315 1 0
362 315 8 2
370 315 5 1
97 316 3 2
111 316 13 2
125 316 25 2
150 316 1 0
361 316 1 1
362 316 6 2
368 316 6 1
374 316 1 0
98 317 2 2
100 317 1 1
110 317 14 2
124 317 1 0
125 317 2 2
127 317 2 1
129 317 22 2
151 317 1 0
360 317 1 0
361 317 5 2
366 317 8 1
99 318 3 2
109 318 13 2
123 318 9 2
133 318 18 2
151 318 1 1
360 318 1 1
361 318 4 2
365 318 8 1
100 319 5 2
107 319 30 2
138 319 14 2
152 319 1 0
359 319 1 0
360 319 4 2
364 319 8 1
100 320 18 2
118 320 1 1
119 320 23 2
145 320 4 2
152 320 1 2
153 320 1 0
358 320 1 0
359 320 4 2
363 320 8 1
101 321 47 2
153 321 1 0
358 321 1 1
359 321 4 2
363 321 8 1
102 322 51 2
154 322 1 0
357 322 1 0
358 322 4 2
362 322 8 1
103 323 52 2
155 323 1 0
357 323 1 1
358 323 4 2
362 323 7 1
104 324 24 2
129 324 26 2
155 324 1 0
356 324 1 0
357 324 4 2
361 324 8 1
104 325 23 2
130 325 23 2
156 325 1 0
355 325 1 0
356 325 5 2
361 325 7 1
105 326 21 2
129 326 1 1
130 326 22 2
155 326 2 2
157 326 1 0
354 326 1 0
355 326 5 2
360 326 7 1
106 327 19 2
129 327 22 2
153 327 4 2
157 327 1 1
354 327 1 1
355 327 5 2
360 327 6 1
366 327 1 2
107 328 18 2
129 328 20 2
151 328 7 2
158 328 1 0
353 328 1 0
354 328 5 2
359 328 7 1
108 329 16 2
128 329 20 2
149 329 10 2
159 329 1 0
352 329 1 0
355 329 3 2
358 329 7 1
109 330 14 2
127 330 1 1
128 330 32 2
160 330 1 0
357 330 2 2
359 330 5 1
110 331 11 2
121 331 1 1
127 331 18 2
145 331 1 1
146 331 15 2
351 331 1 1
352 331 1 2
355 331 3 2
110 332 1 0
111 332 9 2
126 332 18 2
144 332 1 1
145 332 16 2
161 332 1 1
350 332 1 0
354 332 2 2
356 332 8 1
111 333 1 1
112 333 6 2
125 333 37 2
162 333 1 0
349 333 1 0
352 333 4 2
356 333 8 1
112 334 4 2
123 334 1 1
124 334 39 2
163 334 1 0
348 334 1 0
351 334 4 2
355 334 10 1
113 335 1 2
122 335 42 2
164 335 1 0
347 335 1 0
349 335 5 2
354 335 11 1
121 336 18 2
139 336 1 1
140 336 25 2
165 336 1 0
347 336 7 2
354 336 12 1
119 337 47 2
166 337 1 0
346 337 1 1
347 337 6 2
353 337 13 1
118 338 48 2
166 338 1 1
345 338 1 1
346 338 6 2
352 338 15 1
118 339 49 2
167 339 1 1
344 339 1 1
345 339 6 2
351 339 16 1
119 340 49 2
168 340 1 1
343 340 1 1
344 340 6 2
350 340 17 1
120 341 13 2
133 341 1 1
134 341 35 2
169 341 1 1
342 341 1 1
343 341 7 2
350 341 18 1
121 342 39 2
162 342 8 2
170 342 1 1
341 342 1 1
342 342 7 2
349 342 19 1
122 343 1 0
123 343 37 2
163 343 8 2
171 343 1 1
340 343 1 1
341 343 7 2
348 343 20 1
124 344 35 2
163 344 9 2
172 344 1 1
339 344 1 1
340 344 7 2
347 344 21 1
125 345 34 2
163 345 10 2
173 345 1 1
174 345 1 0
338 345 1 1
339 345 7 2
346 345 22 1
126 346 1 1
127 346 32 2
163 346 12 2
175 346 1 0
336 346 1 0
337 346 1 1
338 346 7 2
345 346 23 1
128 347 30 2
162 347 14 2
176 347 1 0
335 347 1 0
336 347 8 2
344 347 25 1
129 348 29 2
162 348 15 2
177 348 1 0
334 348 1 0
335 348 8 2
343 348 26 1
131 349 27 2
162 349 16 2
178 349 1 0
333 349 1 0
334 349 8 2
342 349 26 1
132 350 25 2
162 350 17 2
179 350 1 1
332 350 1 0
333 350 8 2
341 350 27 1
133 351 23 2
161 351 19 2
180 351 1 1
330 351 1 0
331 351 1 1
332 351 8 2
340 351 28 1
135 352 20 2
161 352 19 2
182 352 1 0
329 352 1 0
330 352 9 2
339 352 29 1
136 353 19 2
160 353 19 2
183 353 1 0
328 353 1 0
329 353 9 2
338 353 30 1
138 354 15 2
153 354 1 0
159 354 19 2
184 354 1 1
326 354 1 0
327 354 1 1
328 354 9 2
337 354 31 1
140 355 12 2
159 355 18 2
186 355 1 0
325 355 1 0
326 355 10 2
336 355 11 1
347 355 1 2
348 355 19 1
367 355 1 0
141 356 10 2
158 356 19 2
187 356 1 0
324 356 1 0
325 356 10 2
335 356 9 1
344 356 1 2
350 356 17 1
143 357 6 2
157 357 18 2
186 357 3 1
189 357 1 0
322 357 1 0
323 357 2 1
325 357 9 2
334 357 9 1
350 357 17 1
145 358 2 2
156 358 18 2
185 358 1 2
186 358 4 1
190 358 1 0
321 358 1 0
322 358 3 1
325 358 8 2
333 358 8 1
341 358 1 2
350 358 16 1
155 359 17 2
185 359 7 1
192 359 1 0
319 359 1 0
320 359 5 1
325 359 6 2
331 359 9 1
340 359 1 2
350 359 16 1
154 360 16 2
184 360 9 1
193 360 2 0
317 360 2 0
319 360 6 1
325 360 5 2
330 360 9 1
339 360 1 2
350 360 15 1
154 361 13 2
167 361 1 1
184 361 11 1
195 361 1 0
316 361 1 0
317 361 5 1
322 361 1 2
323 361 2 1
325 361 4 2
329 361 10 1
349 361 16 1
160 362 2 2
183 362 1 1
184 362 2 0
186 362 6 1
197 362 1 0
314 362 1 0
315 362 2 1
317 362 1 2
319 362 1 2
320 362 6 1
326 362 1 2
327 362 11 1
349 362 15 1
183 363 4 0
187 363 4 1
199 363 1 0
312 363 1 0
313 363 1 1
314 363 1 2
315 363 9 1
324 363 1 0
325 363 13 1
348 363 15 1
183 364 6 0
189 364 1 1
201 364 1 0
310 364 1 0
311 364 12 1
323 364 2 0
325 364 12 1
347 364 15 1
182 365 1 2
183 365 6 0
189 365 1 2
201 365 2 1
203 365 1 0
308 365 1 0
309 365 12 1
321 365 4 0
325 365 12 1
346 365 15 1
361 365 1 0
182 366 1 1
183 366 5 0
188 366 1 1
201 366 4 1
205 366 1 0
306 366 1 0
307 366 13 1
320 366 5 0
325 366 11 1
345 366 1 0
346 366 14 1
182 367 1 1
183 367 6 0
200 367 1 2
201 367 6 1
207 367 1 0
304 367 1 0
306 367 1 2
307 367 12 1
319 367 7 0
326 367 10 1
345 367 14 1
182 368 1 2
183 368 6 0
189 368 1 1
200 368 8 1
208 368 1 2
209 368 2 0
301 368 2 0
303 368 2 1
305 368 1 2
308 368 9 1
317 368 9 0
326 368 10 1
345 368 13 1
183 369 8 0
191 369 1 2
199 369 8 1
207 369 2 2
209 369 3 1
212 369 1 0
299 369 1 0
300 369 6 1
307 369 1 1
309 369 6 1
315 369 11 0
326 369 10 1
344 369 12 1
356 369 1 0
183 370 10 0
193 370 1 1
197 370 1 2
198 370 8 1
206 370 2 2
208 370 6 1
214 370 2 0
296 370 2 0
298 370 8 1
307 370 2 1
310 370 3 1
313 370 6 0
319 370 2 1
321 370 5 0
326 370 9 1
335 370 1 0
344 370 11 1
183 371 1 1
184 371 17 0
201 371 5 1
206 371 1 2
207 371 10 1
217 371 2 0
293 371 2 0
295 371 11 1
306 371 2 2
308 371 2 1
311 371 1 1
312 371 5 0
317 371 1 1
323 371 3 0
326 371 9 1
344 371 9 1
184 372 19 0
203 372 2 1
206 372 15 1
221 372 2 0
289 372 3 0
292 372 7 1
300 372 7 1
307 372 1 2
308 372 1 1
309 372 1 0
310 372 1 1
311 372 1 2
312 372 5 0
317 372 1 1
325 372 1 1
328 372 7 1
344 372 6 1
185 373 18 0
203 373 1 1
204 373 1 2
205 373 15 1
220 373 1 2
221 373 3 1
224 373 2 0
286 373 2 0
288 373 2 1
290 373 1 2
291 373 7 1
300 373 1 2
301 373 6 1
308 373 3 0
311 373 1 1
312 373 1 2
313 373 5 0
332 373 3 1
343 373 1 0
344 373 2 1
186 374 16 0
202 374 1 1
203 374 1 2
204 374 3 0
207 374 14 1
221 374 1 2
222 374 3 1
225 374 2 2
227 374 1 1
228 374 2 0
281 374 3 0
284 374 6 1
290 374 1 2
291 374 6 1
297 374 1 2
301 374 4 1
305 374 2 0
307 374 1 2
308 374 1 1
309 374 3 0
312 374 2 1
314 374 6 0
320 374 1 2
187 375 15 0
202 375 1 2
203 375 6 0
209 375 12 1
222 375 5 1
227 375 1 2
229 375 3 1
232 375 4 0
276 375 3 0
279 375 1 1
283 375 6 1
289 375 1 2
290 375 7 1
301 375 2 1
303 375 4 0
307 375 2 1
309 375 15 0
188 376 13 0
201 376 1 2
202 376 8 0
210 376 1 1
211 376 1 2
214 376 6 1
220 376 1 2
222 376 7 1
229 376 1 2
231 376 1 2
232 376 6 1
238 376 5 0
269 376 5 0
282 376 7 1
290 376 7 1
301 376 1 2
302 376 6 0
308 376 1 1
309 376 17 0
189 377 11 0
200 377 1 1
201 377 8 0
209 377 1 1
214 377 6 1
221 377 2 2
223 377 9 1
233 377 1 2
234 377 7 1
241 377 1 2
247 377 1 1
248 377 16 0
264 377 8 1
272 377 1 2
281 377 8 1
290 377 7 1
302 377 6 0
308 377 1 1
309 377 17 0
191 378 18 0
214 378 3 0
217 378 3 1
221 378 1 1
222 378 1 2
223 378 11 1
234 378 1 2
237 378 1 2
238 378 3 1
266 378 7 1
273 378 1 2
278 378 1 2
279 378 10 1
289 378 1 2
290 378 5 1
295 378 1 0
296 378 1 1
302 378 6 0
308 378 1 2
309 378 17 0
192 379 16 0
208 379 1 2
213 379 1 1
214 379 5 0
219 379 1 1
220 379 1 2
221 379 1 1
223 379 15 1
238 379 1 2
266 379 1 2
267 379 21 1
288 379 1 2
289 379 3 1
292 379 4 0
296 379 1 1
302 379 6 0
308 379 1 1
309 379 17 0
194 380 13 0
207 380 1 1
213 380 6 0
219 380 1 2
220 380 1 1
221 380 1 0
222 380 1 2
223 380 17 1
267 380 21 1
289 380 1 1
290 380 6 0
296 380 1 1
302 380 11 0
315 380 11 0
196 381 11 0
213 381 6 0
220 381 2 0
222 381 2 1
224 381 4 0
228 381 12 1
267 381 1 2
268 381 16 1
284 381 3 0
287 381 1 1
288 381 1 2
289 381 7 0
296 381 1 1
302 381 11 0
316 381 10 0
198 382 8 0
206 382 1 1
212 382 7 0
219 382 1 1
220 382 3 0
223 382 1 1
224 382 8 0
232 382 7 1
268 382 1 2
269 382 11 1
280 382 7 0
287 382 2 1
289 382 7 0
296 382 1 1
301 382 1 1
302 382 11 0
317 382 9 0
200 383 6 0
211 383 1 1
212 383 6 0
218 383 1 1
219 383 4 0
223 383 1 2
224 383 14 0
238 383 1 1
269 383 1 2
270 383 4 1
274 383 13 0
288 383 9 0
301 383 12 0
317 383 9 0
202 384 4 0
211 384 7 0
218 384 1 1
219 384 4 0
223 384 1 2
224 384 5 0
229 384 1 1
230 384 8 0
238 384 1 2
271 384 1 1
272 384 14 0
286 384 2 1
288 384 9 0
301 384 13 0
317 384 9 0
204 385 1 0
210 385 13 0
223 385 1 1
224 385 4 0
231 385 1 2
232 385 5 0
237 385 1 1
272 385 1 2
273 385 2 1
275 385 11 0
286 385 1 2
287 385 10 0
301 385 25 0
209 386 8 0
217 386 1 1
218 386 10 0
232 386 1 2
233 386 4 0
278 386 1 2
279 386 5 1
284 386 2 2
305 386 22 0
208 387 21 0
233 387 1 1
234 387 2 0
236 387 1 1
311 387 16 0
208 388 21 0
229 388 1 2
234 388 2 0
317 388 10 0
209 389 11 0
221 389 1 2
222 389 8 0
235 389 1 1
321 389 5 0
210 390 10 0
222 390 9 0
212 391 7 0
222 391 10 0
232 391 1 2
213 392 6 0
222 392 11 0
214 393 5 0
223 393 10 0
215 394 5 0
223 394 10 0
216 395 16 0
217 396 14 0
219 397 12 0
220 398 10 0
221 399 9 0
222 400 7 0
223 401 2 0
226 401 3 0
223 402 5 0
226 403 1 0
